0.0
0.25
0.0
9.283950617283951
0.25
36.0
4.3125
0.0
6.75
60.3134693877551
0.25
0.0
3.609375
0.0
0.0
42.25
0.0
2.25
0.0
2.946745562130178
1.26
0.0
0.0
69.0488888888889
28.6875
22.560000000000002
6.888888888888888
8.25
12.333333333333334
78.4
2.2469135802469133
0.0
0.0
0.0
1.5555555555555554
0.0
4.0
0.0
6.0
0.0
5.6875
0.0
6.5600000000000005
15.238520408163266
0.0
14.722222222222223
0.0
0.25
0.0
0.0
42.484375
0.22222222222222224
0.96
0.0
39.20408163265306
64.0
2.0275
5.333333333333333
49.2224
0.9600000000000002
0.13888888888888887
51.6875
28.53061224489796
1.0301768990634756
5.765504753282029
48.12742382271468
1.0
0.0
2.0
27.562130177514796
36.0
0.20761245674740483
50.5536
48.92561983471074
49.0
1.6875
23.204994797086368
10.888888888888891
37.04
17.06574394463668
94.1875
0.0
65.68595041322314
6.602700373455903
0.0
0.0
0.0
81.44104062588367
0.22959183673469388
0.0
54.01384083044983
17.5284
30.725774114502112
0.0
0.0
0.0
2.1875
0.1983471074380165
6.524234693877552
0.16
26.311224489795922
0.0
1.5358024691358025
0.0
18.58577597300466
18.78719008264463
26.0
0.0
39.4172753834916
5.6875
4.775510204081633
30.46484375
0.17993079584775087
34.3696
0.3621301775147929
79.71341463414635
7.333333333333333
0.0
71.80555555555556
0.0
0.0
2.5052545658606267
0.0
0.0
0.0
0.25
0.0
0.0
47.395555555555546
0.0
0.0
0.0
25.320987654320987
27.378684807256235
0.0475
0.0
15.26530612244898
2.19964749238904
0.25
44.34467120181406
27.125
0.0
6.888888888888888
36.38563327032136
0.0
31.346938775510207
16.9275
30.99408284023669
31.335132400067472
61.23424494649227
14.65234375
8.427755102040814
7.52227903579255
37.99211045364891
63.47222222222222
15.979188345473464
0.0
0.25
61.36
0.0
0.25
26.979591836734695
18.518399999999996
36.833333333333336
40.931129476584026
0.0
1.9554102259215218
1.5555555555555556
39.06
0.0
16.181818181818183
12.54218407596786
0.0
0.0
0.0
4.4879338842975205
0.0
2.6658739595719383
0.16
0.0
4.354006337709371
9.549168975069252
17.0
37.239999999999995
16.0
2.25
42.25
7.840000000000001
0.0
16.0
2.75
0.0
27.75
0.22222222222222224
39.33884297520661
0.0
7.118024691358024
0.0
2.544642857142857
0.0
2.734375
22.910927456382005
39.60555555555555
19.25
0.0
44.785119097719054
12.493162901307967
40.91358024691358
0.0
14.560000000000002
23.6875
0.0
0.0
0.0
0.0
0.25
19.759999999999998
3.3347219996795383
0.0
0.0
0.0
36.292799047807975
0.0
69.36
1.6875
0.0
30.88888888888889
32.636836628511965
0.0
5.734375
0.0
85.91836734693878
0.0
1.1233043743331808
0.0
18.0
7.6704
12.734375
33.5134693877551
0.0
0.0
2.1875
4.0
0.0
0.0
0.5166666666666667
52.428638941398866
0.8064
2.25
0.15999999999999998
0.0
0.0
1.5976331360946743
1.3877551020408165
20.25
0.25
0.22222222222222224
0.0
0.0
1.3021262002743486
0.0
17.017599999999998
75.0315500685871
0.0
18.1875
0.0
20.25
56.25
17.537190082644628
0.25
44.734375
2.25
10.956597222222221
2.4483471074380163
0.44363965595291993
1.352537722908093
26.238227146814406
10.142813173284088
5.273018994876042
0.2222222222222222
0.0
30.25
11.204152249134948
32.996539792387544
78.80555555555556
0.0
8.016528925619834
10.055555555555554
0.0
0.0
1.3681632653061224
29.745152354570635
0.0
0.0
53.80555555555555
8.7456
32.64
0.0
54.725160457528055
3.5555555555555554
0.25
0.0
0.0
23.28395061728395
0.0
7.909999999999999
3.626666666666667
0.0
43.68371073776479
11.163434903047092
0.0
0.0
4.679752066115703
30.25
0.0
47.04
0.0
0.0
0.23140495867768596
0.0
1.0
0.0
43.555555555555564
10.712018140589569
0.0
4.710059171597633
0.0
0.0
0.25
0.0
0.0
27.749228395061728
0.1875
11.49918875067604
4.0
27.439999999999998
0.25
43.836734693877546
2.25
0.22222222222222224
0.0
0.0
36.0
0.22222222222222224
0.25
28.094182825484758
17.555555555555554
0.0
0.1875
0.0
2.25
0.0
37.963718820861686
0.0
4.151167392164623
33.33984375
0.1728395061728395
47.6375
0.0
62.333333333333336
23.1875
0.0
0.0
20.25
0.0
0.0
2.25
0.0
59.07638888888889
18.45
9.26530612244898
0.25
0.0
10.598849826388891
2.0
25.2
15.632653061224488
11.555555555555555
0.0
0.0
2.0
0.0
37.0359168241966
12.666666666666666
0.0
0.0
0.0
0.0
4.6875
28.222222222222225
0.0
7.691358024691358
2.25
0.0
14.806396484375
0.0
0.0
0.0
0.888888888888889
0.2222222222222222
82.176054170514
28.88888888888889
49.0
0.0
21.555555555555557
75.1388888888889
3.04
32.97959183673469
11.090909090909092
0.0
0.0
0.0
1.25
0.0
0.22222222222222224
12.25
0.0
0.0
54.01533559749308
44.62222222222222
1.6875
1.7283950617283952
4.6735253772290815
24.472222222222225
51.64645670963495
0.0
0.0
0.0
0.0
2.25
0.0
41.64
1.6875
43.359375
6.888888888888888
35.289708506841166
2.35
2.5599999999999996
0.0
0.0
2.857142857142857
6.56
0.0
1.625
28.595555555555553
0.0
0.888888888888889
18.222222222222225
32.816326530612244
0.0
0.8622222222222222
4.0
22.484375
0.0
41.36
10.370370370370368
0.5599999999999999
7.140495867768595
16.512396694214875
10.231404958677686
17.882182066726475
0.0
0.96
44.8
0.6666666666666666
0.0
12.675101070154577
9.531244135860387
18.32176744511747
6.713599440999214
22.09804871189989
42.1875
12.680529300567109
15.138888888888888
66.0
0.0
1.0875
17.76
0.0
0.1388888888888889
0.0
4.4287109375
0.1875
70.67397603571149
11.135802469135804
0.0
10.8
0.0
0.0
17.805105402486035
0.0
19.295926869914716
2.6666666666666665
21.3158711374096
48.61
6.0182335065189685
0.0
0.64
0.64
38.035123966942145
0.0
0.0
8.333333333333334
27.80246913580247
3.3341260404280617
0.0
3.572314049586777
0.1875
0.0
8.36
0.0
4.0
18.9875
32.0
0.22222222222222224
0.0
0.2222222222222222
0.0
0.0
3.637120761451517
20.64
0.0
17.289256198347108
0.0
30.25
0.0
0.0
0.0
9.1875
9.950617283950615
2.25
0.0
0.0
0.0
0.0
0.0
3.5555555555555554
0.0
3.0
32.55173059517494
0.25
4.0
0.0
0.0
0.0
0.25
2.25
0.0
0.0
0.4375
0.0
4.0
0.0
2.693877551020408
0.0
0.0
1.25
0.0
2.816326530612245
0.0
0.0
0.0
1.5555555555555554
1.6875
21.061224489795922
0.0
0.0
0.0
0.1875
20.159092119985083
0.0
0.0
8.888888888888888
0.0
0.13888888888888887
0.2222222222222222
0.0
9.84
0.0
33.212689322391704
3.2222222222222228
25.25
6.25
30.557486759671114
41.759637188208615
0.0
0.0
0.0
23.443786982248522
0.0
22.222222222222225
5.5
0.24000000000000005
9.0
0.0
0.0
2.25
0.0
4.0
0.0
0.0
12.566446508927275
8.398760330578513
0.0
10.153846153846153
0.0
14.444444444444445
2.809917355371901
0.0
2.138888888888889
1.6875
0.0
44.690000000000005
24.1875
0.0
0.22222222222222224
51.973333333333336
0.0
0.0
35.88429752066116
20.25
37.63321799307958
36.0
1.9600000000000002
0.888888888888889
0.0
0.0
0.0
1.3376
0.0
0.0
0.0
17.6734693877551
0.0
18.328888888888887
24.75
24.79013814528389
80.22222222222223
0.0
0.0
39.1875
0.0
11.983459357277884
3.555555555555556
0.0
0.0
7.360000000000001
63.58299039780521
1.0
2.4
0.25
64.22222222222221
1.5833333333333333
0.0
28.666666666666668
3.8541666666666665
0.0
0.0
6.888888888888888
42.75
10.499307479224377
2.8
0.0
1.8147448015122873
0.15999999999999998
43.555555555555564
0.0
1.0
45.6
0.0
0.0
0.0
22.222222222222218
21.6875
0.0
59.55102040816327
26.285714285714285
0.0
20.24602782289386
2.25
10.65
0.0
0.0
0.0
0.0
14.856673241288624
0.0
0.0
64.83858488888889
16.25
0.0
2.25
16.87109375
0.0
43.84888888888889
0.0
0.0
29.0
0.0
4.222222222222222
29.737844840725504
0.25
0.0
13.551020408163266
5.4399999999999995
19.854166666666668
1.0
0.22222222222222224
0.0
0.0
16.775951557093425
33.94082840236686
9.787777777777778
16.0
17.115436849253058
14.543333333333335
0.25
11.76
0.0
0.4375
9.673469387755103
2.888888888888889
1.8760330578512394
13.89649018441404
13.040000000000001
0.2222222222222222
0.0
0.0
5.408284023668639
0.1875
4.241735537190082
20.087238599143358
0.16
0.0
2.4956956105856096
42.19834710743802
1.0
0.0
0.0
3.0612244897959187
0.0
0.0
3.5555555555555554
8.25
0.0
0.0
19.72826086956522
0.0
30.240000000000002
0.0
19.950059453032104
35.18005540166205
1.0
47.81738495252009
1.5555555555555554
1.6660733357066575
0.0
2.16
0.0
6.506666666666666
0.0
0.0
7.8
0.0
23.924565992865634
31.289224952741023
2.0
0.0
12.666666666666666
5.876543209876543
0.9600000000000002
1.1388888888888888
4.0
6.25
0.0
5.225994513031549
0.0
0.0
0.0
9.0
0.0
0.0
6.1875
28.05741928848316
17.472222222222225
0.0
0.0
4.0
3.859375
0.0
0.0
2.25
0.0
0.0
43.715555555555554
0.0
0.0
0.25
0.6875
6.960000000000001
6.25
7.2
15.68595041322314
0.0
0.0
0.0
1.0
0.4462809917355372
0.0
4.262975778546712
0.0
10.888888888888888
0.0
0.0
0.0
17.844374999999996
30.75
28.027700831024934
20.665599999999998
2.25
0.0
27.889999999999997
19.06122448979591
0.6875
17.208448117539028
16.886363636363637
23.637755102040817
0.0
0.0
33.1875
0.0
7.840000000000001
0.0
3.8055555555555554
10.888888888888888
0.0
7.6875
0.0
20.331065759637188
0.0
12.16
38.22222222222222
2.5599999999999996
26.782766439909295
1.6094674556213018
0.0
0.0
1.25
2.0
0.0
4.0
25.46
69.36
81.25
0.2222222222222222
0.0
0.24
0.25
0.8
12.472222222222223
51.743055555555564
0.0
38.57638888888889
0.0
0.0
2.0
8.016528925619834
0.0
0.24000000000000005
0.25
2.443288241415192
0.0
0.25
34.88264462809917
0.0
25.0
14.231404958677688
0.0
0.0
0.0
15.84
0.25
11.760000000000002
16.775510204081634
39.90082644628099
21.25
16.5
0.22222222222222224
0.0
0.0
3.84
0.0
1.0
0.0
39.47107438016529
5.555555555555556
0.0
0.25
0.0
0.0
0.0
45.08033240997229
0.25
11.25
4.0
12.25
20.25
9.265306122448978
26.086734693877553
0.0
0.0
26.966023875114786
5.04
0.0
0.0
2.25
8.888888888888888
7.138888888888888
0.0
23.551020408163264
47.5410225921522
2.359375
0.0
0.0
44.666666666666664
17.98891966759003
0.25
48.14802555224946
3.5510204081632653
38.66493055555555
0.0
12.231404958677688
0.0
21.387777176852353
18.6875
2.25
1.894320987654321
0.0
0.0
0.22222222222222224
13.440000000000001
9.0
0.0
2.25
0.0
22.727272727272727
0.0
0.0
0.0
0.2222222222222222
41.44888888888888
0.888888888888889
30.861570247933887
0.0
0.0
0.0
44.47222222222223
64.88888888888889
0.0
3.5555555555555554
16.0
0.0
3.555555555555556
0.0
0.0
5.3609467455621305
10.888888888888891
0.0
0.0
0.888888888888889
0.0
0.9039792387543253
64.46599293198585
6.610683567224988
16.0
13.555555555555555
21.918367346938773
0.0
0.0
0.0
8.0
0.0
0.24
0.0
4.25
49.760000000000005
1.0
40.9375
28.1875
0.1875
27.733610822060353
0.0
0.0
0.743801652892562
10.044642857142858
0.0
6.964285714285714
6.244897959183674
0.0
3.3344000000000005
33.97727272727273
0.0
2.2399999999999998
20.666666666666668
0.6875
1.0
0.0
0.0
0.0
0.36
0.888888888888889
0.0
41.493877551020404
0.0
6.959999999999999
9.5
10.888888888888888
0.1875
37.28395061728395
3.9889196675900274
0.0
16.57638888888889
1.8347107438016528
6.2430555555555545
8.6875
0.4
0.1875
8.91358024691358
72.25
38.73684210526316
0.0
0.0
12.694214876033056
0.0
14.222222222222223
0.0
0.0
0.2222222222222222
0.0
0.0
2.25
0.0
18.0
0.0
13.076388888888888
0.0
0.18181818181818182
0.0
0.25
18.899408284023668
0.15999999999999998
6.544378698224852
0.0
2.25
0.8010204081632654
1.048888888888889
0.0
0.0
0.0
1.75
0.0
0.0
27.840000000000003
10.0
20.25
0.0
1.5555555555555554
8.6875
30.25
60.75
0.0
0.16
4.916666666666667
26.6875
15.40828402366864
38.22222222222222
2.8888888888888893
0.25
0.0
3.484375
3.135802469135802
33.40972222222222
0.0
8.727272727272727
5.5041322314049586
6.166666666666667
34.634668682287725
4.0
0.0
10.666666666666666
0.0
0.0
4.666666666666667
0.0
0.0
3.5538752362948953
1.2100000000000002
7.359999999999999
0.0
0.0
88.66666666666667
32.31122448979592
0.0
27.0
15.333333333333334
6.613636363636363
1.3520408163265305
3.2
0.24
42.43359375
0.0
5.5
12.64
0.25
9.963826530612245
0.16
0.0
1.0
10.512396694214875
0.24000000000000005
33.91836734693878
42.04254827147647
0.0
0.0
0.24489795918367346
19.38751479289941
0.0
0.0
0.0
17.494897959183675
0.0
2.0
0.2222222222222222
3.5976331360946747
0.22222222222222224
0.1875
0.0
64.0
0.234375
15.496913580246915
31.26530612244898
0.0
5.138888888888889
20.25
0.1875
0.0
0.0
42.359375
0.0
0.0
0.0
0.22222222222222224
0.25
0.1983471074380165
5.112222222222223
0.1875
18.609375
9.551020408163266
0.24305555555555558
6.4375
0.0
42.25
6.888888888888888
0.0
4.75
6.25
0.0
0.0
26.888888888888886
0.0
0.0
39.836734693877546
0.0
0.0
3.7600000000000002
37.005917159763314
0.25
29.0
0.0
30.25
6.888888888888888
40.97959279414524
23.040000000000003
0.0
0.0
0.15999999999999998
41.25897920604915
0.0
0.25
84.64
0.0
64.46222222222222
0.9795918367346939
0.25
31.76
0.0
1.04
47.46818017147688
5.76
0.0
6.25
0.0
20.365079365079367
2.2391433670434266
9.0
0.0
26.353798126951094
52.0
9.040000000000001
0.0
6.25
8.0
0.25
36.0
43.609375
20.25
0.0
0.0
0.0
0.0
0.22222222222222224
2.0
0.0
8.0
2.810754043268221
2.25
65.40972222222223
0.0
68.66666666666667
2.5
49.0
20.0
0.0
16.0
3.0
0.0
1.0
10.6875
17.909722222222225
0.0
0.25
11.918367346938775
4.0
16.240000000000002
34.64
0.23140495867768596
2.8888888888888893
3.555555555555556
40.984375
0.0
0.0
0.22222222222222224
0.0
0.0
1.321005917159763
2.25
14.888888888888888
19.44
0.0
24.0
0.0
22.558367346938773
0.0
0.0
2.25
0.0
0.0
3.555555555555556
0.25
16.0
0.0
21.35802469135803
44.54820415879017
5.705955555555557
6.25
0.4878048780487805
70.25
0.0
0.0
2.412629757785467
0.0
81.0
4.979591836734693
28.643950617283952
0.0
17.63265306122449
16.0615234375
42.11306666666666
1.8571428571428572
41.239669421487605
57.02606371129427
0.75
10.96
2.25
27.355371900826448
10.14268727705113
6.020399305555556
17.980530016224986
0.6666666666666666
26.908612754766608
37.25
0.0
16.0
64.609375
0.0
23.6875
2.4266666666666667
0.0
37.55555555555555
0.0
16.78846153846154
13.5456
0.0
0.0
23.243055555555554
0.0
0.22222222222222224
52.51530612244898
6.1875
37.81632653061224
0.09
3.0
1.0
0.0
1.8144
24.87074829931973
4.617283950617284
48.65694661277682
4.7591667452163255
0.0
91.10249307479225
0.0
0.0
22.888888888888886
30.472222222222218
0.0
2.25
7.918367346938775
0.1583673469387755
0.0
6.222222222222222
3.663988312636961
0.25
0.0
3.9706122448979597
0.0
6.75
12.959999999999999
30.25
27.3803822726318
0.0
40.96
0.0
12.666666666666666
0.0
1.9583999999999997
4.68359375
20.01543209876543
13.62559838750315
4.56758034026465
9.944214876033058
0.0
42.5
1.7297297297297298
14.559999999999999
48.41361412519233
3.472222222222222
54.90931046975003
8.404432132963988
0.0
20.25
0.0
2.456730769230769
0.7641776937618147
0.0
0.0
30.888888888888886
1.1875
0.0
36.25
16.240000000000002
65.16
9.079931298718458
22.915555555555557
0.0
33.25
0.0
0.0
50.805555555555564
0.0
0.0
0.47107438016528924
8.639999999999999
0.0
37.86851211072664
58.488754325259514
21.878116343490305
87.84
63.387755102040806
0.0
3.75
11.040000000000001
0.0
0.0
10.110803324099725
0.0
0.0
0.0
1.6835999999999998
52.75
6.5504
89.62560000000002
0.25
0.0
2.8888888888888893
11.555555555555557
2.25
0.0
9.26530612244898
0.0
0.0
5.613894139886579
0.0
0.0
0.0
4.666666666666667
12.665406427221171
0.0
2.2857142857142856
27.6875
0.0
14.36
3.44
0.0
8.64
2.16
0.25
3.6543209876543212
25.0
0.0
26.693877551020414
23.909722222222218
5.109375
0.0
12.930747922437673
3.555555555555556
10.489999999999998
23.609375
19.89
20.25
5.144375
22.39506172839506
0.0
13.465794170136824
0.0
12.392857142857142
12.666666666666666
2.830357142857143
34.76923076923077
0.0
0.0
19.44
16.198347107438018
2.0
23.243055555555554
0.0
4.825584520290245
0.0
27.86409550045914
0.0
0.0
3.061634349030471
28.3125
0.0
21.174439302242792
0.0
48.344389191217864
22.409722222222218
0.0
17.5456
10.24
2.5
2.1975000000000002
0.0
0.22222222222222224
6.464359504132232
0.0
59.55102040816326
1.9510591672753832
0.0
15.076923076923077
0.22222222222222224
0.22222222222222224
14.24
0.23062381852551986
0.0
25.0
0.0
0.25330812854442347
4.554280883951213
1.3877551020408165
0.0
20.957274202271496
0.0
0.0
20.213017751479292
2.25
0.0
0.0
0.25
0.0
37.36
4.204081632653062
0.0
0.0
12.25
0.0
15.1875
3.6875
19.04
0.0
0.0
0.25
58.25
6.25
43.05
0.0
0.0
47.53061224489796
35.265306122448976
2.25
0.0
5.555555555555556
0.0
0.0
0.25
16.0
2.1875
0.0
68.35986159169549
0.0
18.234375
2.25
0.0
0.0
0.888888888888889
0.0
8.25
0.0
19.628337486650054
28.854166666666668
0.0
0.25
47.74826388888889
0.0
2.25
10.6875
23.4475
0.0
0.0
0.0
0.0
48.734375
66.25
0.0
0.25
0.0
0.0
33.61547291092745
0.0
0.0
4.0
9.0
5.303210463733651
0.0
0.0
12.25
0.0
0.0
4.75
35.57633308984661
0.0
0.0
0.16000000000000003
0.0
42.25
0.0
3.1875
51.423177083333336
0.0
2.1875
0.0
0.0
9.387755102040817
0.0
13.333333333333334
0.0
0.0
0.0
0.0
0.0
0.25
0.0
0.0
3.25
48.38317367763432
16.027681660899653
40.41
0.0
0.0
0.17751479289940827
6.25
0.0
65.55555555555556
6.5555555555555545
4.86728823646102
0.0
0.0
30.28854875283447
47.82719289940828
36.0
16.222222222222225
0.0
0.0
27.06172839506173
0.34750000000000003
0.0
0.0
26.8
2.25
0.0
63.5625
4.408163265306122
4.666666666666667
0.0
0.25
50.97727272727273
26.0
0.0
14.0
0.0
0.2222222222222222
42.1875
81.84
0.22222222222222224
18.1875
2.222222222222222
1.0
71.59108331267521
0.0
21.768094377723454
51.027202064870565
0.0
0.0
55.41052350189352
8.222222222222223
0.0
0.0
5.04
4.122448979591836
1.44
6.805555555555556
60.60646988163355
0.0
0.22222222222222224
0.0
0.0
0.0
31.6
6.25
0.20408163265306123
0.0
7.840000000000001
10.694214876033056
0.47222222222222215
7.615547839506173
3.84
0.0
0.0
0.2222222222222222
4.138888888888889
0.0
0.0
2.0
0.0
0.25
14.159999999999997
5.6875
1.6875
2.0
31.609375
21.6
0.0
10.888888888888891
20.222222222222225
0.1875
0.0
15.1875
0.0
0.0
31.640000000000004
5.472222222222221
2.6666666666666665
0.1875
0.0
0.0
0.0
32.888888888888886
48.86516517046156
25.0
0.2222222222222222
12.25
8.816326530612246
0.0
0.0
0.0
1.0
1.6875
1.6875
0.0
0.25
43.76557093425606
43.22222222222223
0.0
18.69333333333333
0.22222222222222224
0.6666666666666666
0.0
30.25
0.0
0.0
49.0
6.25
40.204081632653065
0.16
0.8888888888888888
54.83024691358025
0.24952741020793953
0.0
0.0
0.25
0.1875
0.0
0.0
0.0
20.25
0.0
45.124022992714934
3.2858559809561596
0.13888888888888887
24.609375
0.0
20.25
0.75
30.689999999999998
0.0
35.55555555555556
17.9375
2.0277777777777777
0.0
2.25
36.0
0.0
9.0
4.0
43.06122448979591
22.123263888888886
0.0
0.0
0.0
0.0
7.692708333333333
0.0
3.6875
12.58984375
8.0
0.0
9.0
0.0
22.6875
14.965986394557822
42.25
0.0
0.0
0.15999999999999998
0.22222222222222224
0.0
0.0
0.0
10.888888888888891
6.25
0.0
8.0
0.5
0.0
0.0
49.0
0.0
48.22222222222223
0.0
0.0
0.0
5.5555555555555545
3.5555555555555554
0.0
2.25
41.70510396975425
0.0
0.0
0.5541838134430728
0.0
90.75
0.0
4.138888888888888
13.84
0.0
42.97959183673469
0.4297520661157025
27.04
30.25
4.0
2.0
0.0
0.0
0.0
29.09714285714286
0.0
29.04
20.979591836734695
5.1875
22.859375
2.122448979591837
0.0
0.0
0.1875
19.417600000000004
0.0
33.039780521262
0.0
37.997222329385444
9.15702479338843
1.9097222222222223
4.0
1.0
11.440000000000001
0.20408163265306123
16.816326530612244
0.0
4.25
0.0
20.56482482698962
3.135802469135802
0.0
0.234375
0.0
0.1388888888888889
0.0
34.891161431701974
0.6666666666666666
14.888888888888891
10.4375
13.061224489795919
0.9256198347107438
0.0
0.0
0.0
9.555555555555555
0.21301775147928995
0.2222222222222222
20.83984375
0.0
17.555555555555557
0.0
0.25
15.76
20.69387755102041
0.0
0.0
26.166666666666668
13.367772108843537
8.0
0.22222222222222224
0.0
3.555555555555556
0.0
0.1875
16.0
29.417599999999997
0.0
0.20408163265306123
0.888888888888889
0.0
28.6875
5.582766439909298
21.609467455621306
18.607700312174817
0.0
42.026666666666664
25.702479338842977
17.340679522497705
33.1875
0.0
0.25
11.44
0.22222222222222224
0.0
0.0
1.0
11.76
0.0
9.82015306122449
43.029215976331365
0.0
0.22222222222222224
0.0
0.25
0.0
45.44
0.0
0.0
0.0
71.1875
42.0
0.0
0.0
0.25
0.0
0.0
3.75
6.1875
58.122448979591844
0.0
0.0
0.2222222222222222
1.432098765432099
56.25
0.0
31.984375
6.1875
20.912222222222223
7.25
0.0
15.0
4.285714285714286
0.0
0.0
25.440000000000005
0.0
0.0
11.604897959183674
89.55555555555554
0.0
4.0
55.54477989542924
7.6875
0.22222222222222224
0.0
0.0
0.0
13.1875
0.5833333333333334
16.23699599876885
0.0
0.0
3.6875
70.24705544383798
19.142857142857142
10.888888888888891
0.0
21.888888888888896
10.039802289282
11.76
23.888888888888886
41.06122448979592
28.59746045889953
5.325443786982249
3.5555555555555554
4.0
7.076923076923077
0.2222222222222222
48.00214567031023
1.0
0.0
3.5822222222222218
66.13888888888889
0.0
2.6875
0.0
4.0
0.22222222222222224
0.6875
0.0
0.0
0.0
0.0
0.0
21.19673469387755
0.0
0.0
0.1875
0.0
0.0
29.839999999999996
0.0
0.0
27.346938775510207
1.9375
0.0
0.0
0.0
26.888888888888886
8.0
0.0
0.15999999999999998
0.0
17.440000000000005
5.7155555555555555
20.692307692307693
0.2222222222222222
0.0
0.0
0.0
0.0
44.63950020824656
3.5555555555555554
2.16
42.25
3.868480725623583
5.5555555555555545
0.0
18.1875
46.02777777777778
2.25
0.25
0.0
0.984375
0.0
0.0
17.780521262002743
3.4375
44.84418343240359
0.0
0.0
4.666666666666667
3.7173437500000004
92.20916099773241
1.1555555555555554
0.0
0.0
6.4
0.2222222222222222
1.5
0.0
0.0
0.0
0.0
0.0
54.89437499999999
0.25
0.0
44.87603305785124
0.0
17.551020408163264
0.07638888888888888
1.274102079395085
0.25
0.0
0.0
9.760000000000002
0.0
16.07673469387755
0.0
1.702479338842975
32.239999999999995
0.32098765432098764
5.5
0.0
0.0
0.0
0.0
10.204081632653061
14.222222222222221
6.244897959183674
2.75
0.0
0.0
22.859375
12.583333333333334
34.88888888888889
57.529411764705884
6.25
0.0
0.7202216066481996
10.571428571428571
0.0
6.595155709342561
81.0
4.24
28.6875
0.0
4.25
0.0
0.0
0.0
0.0
17.38888888888889
2.555555555555556
0.16
12.99609375
0.0
0.0
7.230623818525519
14.0
0.0
0.21000000000000002
38.847614515169546
6.793388429752065
27.551020408163264
0.0
87.55555555555556
9.0
0.25
12.609375
26.348765432098766
0.0
36.249940828402366
0.0
0.0
3.2098765432098766
0.0
0.0
0.2222222222222222
11.888888888888891
1.375
17.589506172839506
0.22222222222222224
17.0
11.5275
75.71859375
14.24
0.4691358024691357
0.2222222222222222
0.0
0.2479338842975207
0.0
0.0
0.0
0.0
0.0
0.22222222222222224
5.555555555555556
19.046875
0.5599999999999999
18.146177685950416
0.0
0.0
0.0
4.6875
9.0
3.5555555555555554
0.0
0.0
24.89
23.222400000000004
22.222222222222225
4.0246913580246915
0.0
0.0
18.16
0.5555555555555556
0.0
0.8888888888888888
1.0
20.25
0.0
0.0
0.0
16.0
0.0
0.24305555555555555
0.0
7.064751826656589
0.0
25.0
6.25
0.0
0.0
32.666666666666664
0.0
0.0
0.0
0.09
22.88888888888889
0.8888888888888888
0.0
0.16
0.0
26.51019066403682
0.0
39.44
0.0
42.25
0.0
7.6875
0.888888888888889
0.0
2.25
49.0
0.1875
12.25
38.18140589569161
0.0
0.0
0.0
9.1875
24.1875
50.666666666666664
0.0
4.0
26.366863905325445
0.2222222222222222
2.25
20.25
0.0
29.80859375
0.0
16.0
1.5555555555555556
22.1875
12.75
7.840000000000001
0.0
0.0
2.25
0.24000000000000005
0.0
18.617283950617285
0.0
17.959183673469386
0.25
42.25
3.4722222222222228
0.0
0.0
24.231404958677686
0.25
0.25
39.637051039697546
40.1268476216071
20.25
2.344671201814059
4.4897959183673475
14.1875
0.0
15.960000000000003
0.0
0.6390532544378698
0.0
0.0
21.489795918367346
4.0
0.0
12.203600000000002
0.0
0.0
0.0
0.0
1.44
31.061224489795922
41.56916099773243
0.0
0.0
6.8055555555555545
0.0
0.0
0.0
16.0
1.959183673469388
0.20408163265306123
4.0
0.0
0.22222222222222224
0.25
5.34
4.916666666666667
4.5
0.0
2.5600000000000005
37.55555555555555
29.281093750000004
25.555555555555554
64.0
5.20408163265306
5.1875
37.75812953507121
0.0
0.0
0.0
8.760000000000002
11.265306122448978
13.088326446280995
47.4320987654321
1.6470588235294117
0.22222222222222224
10.512396694214875
9.4375
5.706666666666666
7.1875
0.0
2.8899999999999997
0.0
0.0
0.25
0.0
14.25
20.64
0.0
25.76
4.222222222222222
16.0
0.0
0.0
2.3950617283950617
4.1875
34.0
0.25
0.1983471074380165
0.0
0.0
5.109375
0.0
0.0
2.16
24.888888888888886
0.0
0.0
32.0
13.694444444444446
20.69387755102041
1.2
40.64447086801427
0.0
16.07638888888889
2.25
2.25
0.0
0.0
2.7288888888888887
0.0
7.8055555555555545
10.045524691358025
0.0
0.0
0.0
3.4706994328922494
0.22222222222222224
0.0
0.2222222222222222
6.907372400756144
12.714285714285714
0.0
4.0
14.276643990929708
0.0
0.0
0.0
3.8888888888888893
72.75
0.0
10.888888888888891
10.888888888888891
0.0
0.25
0.0
0.0
15.040000000000001
4.96
0.0
12.595041322314051
4.772491349480968
3.555555555555556
28.256920415224915
0.0
64.0
15.091821905139385
1.2222222222222223
9.662222222222223
0.0
0.22222222222222224
3.5253772290809327
0.0
4.5600000000000005
0.0
0.0
10.676734693877552
8.21484375
0.0
0.2975778546712803
15.040000000000001
0.5
29.37244897959184
10.959999999999999
0.0
2.5
0.0
2.0
0.22222222222222224
32.33769322235434
10.816326530612244
6.122448979591837
0.75
0.24
0.25
0.0
4.555555555555555
18.41426611796982
3.7655954631379953
13.284710743801654
54.544378698224854
0.0
0.38016528925619836
4.951900012624668
0.36
0.0
0.0
20.839506172839506
64.10957217605419
12.454081632653061
0.888888888888889
64.0
6.6411080332409975
39.239669421487605
1.2098298676748582
58.1875
1.2128418549346018
0.0
0.0
1.6875
3.5161179698216736
0.24000000000000005
8.1875
8.888888888888888
1.6875
0.0
6.189752066115703
0.0
2.9309090909090907
0.0
2.0
4.558349609375
0.793388429752066
0.0
0.0
3.1875
0.2222222222222222
12.674556213017752
0.1381172839506173
23.209600000000002
0.0
56.689166484038275
0.0
0.0
30.88888888888889
0.0
5.514739229024943
0.0
0.21000000000000002
0.0
0.0
20.25
0.0
0.0
11.734375
0.0
0.36
12.24
8.0
0.0
9.36
0.0
0.0
0.20408163265306123
8.995555555555557
5.555555555555556
16.0
0.0
0.0
3.355371900826446
0.0
15.76
0.0
0.0
2.1875
6.25
2.25
4.035123966942148
0.6992715920915712
2.5432098765432096
0.5889668367346939
29.694667640613588
3.4400000000000004
0.09876543209876544
41.1875
22.637119113573405
10.6875
49.0
0.0
36.0
0.0
9.633217993079583
27.854166666666668
3.6891276041666665
0.0
33.869822485207095
0.0
18.0
6.380165289256198
38.40762656147272
0.0
8.46068166629539
79.29705215419501
1.5555555555555554
5.706666666666667
37.555555555555564
7.138888888888889
0.0
0.0
0.0
0.0
8.0
13.484375
30.25
4.613406795224976
34.24305555555556
22.222222222222218
0.22222222222222224
3.5555555555555554
17.93351800554017
0.0
0.0
0.0
0.0
0.40972222222222227
5.04
0.0
0.25330812854442347
1.6875
2.0826446280991733
0.13888888888888887
0.64
19.61728395061728
35.03854875283447
0.0
0.0
0.0
3.0433884297520666
8.6875
7.046018991964938
0.1875
7.387755102040815
28.242214532871973
43.6734693877551
43.315555555555555
5.492838985677972
0.0
3.109375
13.723636363636365
0.0
15.36
12.038781163434901
10.610000000000001
0.0
3.4505723204994796
7.294400000000001
12.106666666666666
2.9775678866587962
0.0
2.8919667590027704
0.0
5.6048464236369435
2.0
0.0
10.098765432098766
0.0
5.718112244897959
3.9938016528925617
4.225206611570249
6.198347107438017
0.0
12.25
42.25
0.0
0.0
32.0
1.8112244897959184
28.854166666666668
0.22222222222222224
0.2222222222222222
22.389413988657846
0.0
11.671173607355326
34.16
0.5599999999999999
29.05325443786982
0.0
67.92103839913466
0.2899305555555556
2.25
0.0
0.0
6.622222222222223
17.84
4.606340412434595
61.702422145328725
2.933333333333333
14.8
7.158861340679523
18.25075967763245
0.0
0.0
4.94824509220702
0.0
15.313609467455622
0.0
5.719375
11.358024691358024
22.880886426592795
18.1875
0.1875
4.109375
0.2222222222222222
0.25
2.25
0.0
2.25
0.0
0.25
2.25
98.49489795918366
15.758917954815695
12.25
20.646989374262102
16.20408163265306
13.472222222222223
1.5555555555555554
0.0
2.25
5.948096885813149
37.76479289940828
1.9726353361094586
20.13498263888889
0.0
2.0
6.75
19.250780437044746
3.557851239669421
0.0
6.8468809073724
20.699896694214875
49.0
2.1240234375
0.0
0.0
2.0
68.31122448979592
0.234375
0.0
0.1728395061728395
0.0
0.6938775510204082
0.0
0.0
83.5
0.22222222222222224
9.115818521223927
61.45
25.208677685950416
3.444234404536862
5.261974177426072
57.00680272108844
7.66084385917764
11.888888888888888
72.25
6.451424397370343
52.666666666666664
0.0
14.484375
0.0
80.22222222222221
16.734375
15.614400000000003
0.0
0.0
0.0
0.0
42.0
0.0
0.0
0.0
0.0
0.0
0.0
0.0
0.0
0.0
1.5555555555555554
0.22222222222222224
42.445666279625705
0.0
30.25
24.1875
5.58984375
36.0
0.0
21.984375
0.0
1.0
10.333333333333334
0.0
0.0
2.83984375
0.0
5.5555555555555545
0.0
0.5950413223140495
0.0
0.0
4.916666666666667
83.0
0.0
4.0
0.0
0.0
0.0
22.694214876033058
0.0
21.431884587289993
16.68425605536332
0.0
12.959999999999999
73.6923076923077
12.89940828402367
27.48060486522025
0.0
0.0
0.0
64.0
0.0
0.0
0.0
0.0
0.0
64.77685950413223
42.76543209876544
0.0
0.0
3.1875
43.42560553633218
0.0
0.0
0.0
0.0
46.6875
0.0
4.0
0.0
5.5
0.0
0.0
40.55555555555556
16.666666666666668
15.50617283950617
0.0
1.0617283950617284
29.63265306122449
0.0
15.384615384615385
0.0
0.0
0.0
0.0
11.57922419460881
0.25
0.0
0.0
57.63039973013999
0.2469135802469136
0.0
0.0
23.639999999999997
0.0
0.0
0.0
0.0
5.807183159722222
8.5
0.0
0.0
0.0
0.0
0.0
0.0
47.3981008035062
33.42560553633218
0.0
0.0
29.6875
0.0
0.0
0.0
0.0
0.0
44.22222222222222
14.472222222222221
0.0
0.2222222222222222
0.0
0.0
0.0
0.0
0.22222222222222224
13.387755102040817
18.409722222222225
5.63265306122449
0.0
6.109375
0.0
0.0
0.0
0.0
37.0
16.0
0.0
0.0
0.4
0.0
9.16828402366864
0.0
0.0
45.281807372175976
40.74609375
39.99134667387777
62.5625
3.6875
0.0
59.239999999999995
0.0
1.7190082644628097
42.47713469387755
17.1875
56.484375
4.0
9.6
1.6875
0.24749999999999997
0.0
36.5
0.0
50.780321361058604
36.75
0.25
7.514792899408284
4.816326530612245
0.25
5.5555555555555545
0.0
3.555555555555556
55.13753814282915
0.22222222222222224
1.0
0.25
0.0
32.666666666666664
0.0
0.13888888888888887
31.359999999999996
9.1875
6.888888888888888
18.109375
4.0
51.55859375
25.715555555555554
42.247933884297524
24.333333333333332
36.0
14.056997308727414
8.775510204081632
55.583333333333336
0.0
6.978395061728396
11.6875
0.0
2.25
0.0
0.0
38.25
3.5555555555555554
7.612188365650969
0.54320987654321
9.0
10.888888888888888
42.3942518554192
0.25
0.0
8.472222222222223
0.0
0.0
0.0
0.0
40.699128222180455
0.0
2.25
0.5599999999999999
0.1875
19.839999999999996
0.0
0.0
0.0
22.89
40.76543209876544
0.0
2.25
0.8055555555555555
0.0
5.1875
0.5
24.087655222790357
59.760000000000005
18.10150891632373
3.0
9.156899810964083
1.346938775510204
3.4375
2.25
0.25
9.0
0.24
0.4081632653061224
20.0
6.25
0.0
9.1875
0.0
9.888888888888888
0.0
6.45
0.0
10.888888888888888
0.0
0.16
3.128888888888889
39.36
0.0
17.63265306122449
0.9600000000000002
0.0
11.76
57.72789115646258
6.75
30.158790170132328
50.48979591836735
18.0
86.43243243243244
0.0
8.0
0.0
4.0
0.0
6.25
0.0
0.2222222222222222
7.360000000000001
72.47222222222221
0.0
23.333333333333332
0.0
0.0
14.4375
3.44
2.25
0.0
6.1875
18.0
0.0
93.13888888888887
0.0
0.0
0.0
0.0
0.0
4.16
16.48888888888889
9.555555555555555
55.3125
16.53185595567867
8.0
0.0
0.0
3.555555555555556
14.489795918367346
0.0
1.0
33.5
0.0
0.0
0.0
0.0
3.6875
0.25
6.56
0.0
0.2222222222222222
4.0
10.153846153846153
0.0
10.5
0.0
0.0
16.8
22.6875
0.0
4.0
0.0
0.0
41.122448979591844
13.25
0.25
8.96
0.0
0.8571428571428571
0.5763888888888888
0.0
0.0
0.0
0.0
15.1875
9.333333333333334
40.22222222222222
0.25
9.0
2.0
0.0
6.888888888888888
0.0
20.25
15.673469387755102
11.555555555555557
26.28531855955679
12.409722222222221
0.9876543209876544
60.666666666666664
0.0
42.25
0.0
0.0
39.84
0.0
2.888888888888889
0.1875
0.0
4.0
15.894736842105264
34.234375
9.714285714285714
22.36
0.0
0.42630385487528344
8.234375
0.0
0.5599999999999999
21.968288094598226
0.0
0.0
0.0
20.354166666666668
0.0
43.6875
14.666666666666666
0.888888888888889
0.4462809917355372
2.4
15.673469387755103
4.25
22.0
0.0
7.1875
0.0
12.25
0.0
86.69135802469137
1.0
12.0
1.0617283950617284
18.0
0.0
0.6938775510204082
4.222222222222222
18.0
0.0
0.0
2.25
0.0
0.0
7.6875
4.0
2.25
0.25
16.555555555555557
6.25
3.555555555555556
7.840000000000001
9.995375187882992
11.387755102040815
0.0
0.0
12.25
0.0
12.0
12.857142857142858
0.25
42.25
61.59168241965974
0.25
0.0
0.0
17.25
0.25
50.859375
4.402366863905325
20.400756143667298
30.25
75.71597633136095
19.669017283950616
8.0
5.85
6.25
7.868512110726643
0.0
22.1875
0.0
0.0
16.652366863905325
0.0
15.975206611570247
0.0
0.0
0.0
0.25
0.0
51.388888888888886
0.0
12.25
12.571428571428571
0.0
0.0
16.0
37.25
49.354166666666664
0.12244897959183673
0.0
9.685950413223141
6.1301775147929
0.0
0.0
0.0
15.062604926589543
0.0
6.571428571428571
57.82869806094183
18.71005917159763
0.0
19.0
15.76
37.62809917355372
0.0
11.359375
0.888888888888889
42.8
0.0
2.6875
0.0
0.25
0.0
0.0
0.45
0.0
6.576388888888889
0.0
56.234375
0.0
1.2430555555555556
92.96000000000001
8.693877551020407
40.64
14.386938775510203
54.20982222222223
0.0
1.0
9.1875
1.0
0.0
0.0
4.489795918367347
0.0
0.0
22.6875
30.25
0.0
0.0
0.0
29.0
0.0
0.0
0.0
0.0
4.0
36.75
0.0
0.0
49.6734693877551
0.0
0.25
86.34180185695337
0.0
0.0
0.0
0.0
0.0
0.0
0.0
0.0
9.0
29.555555555555557
55.52066115702478
0.0
0.0
0.22222222222222224
0.0
0.0
0.0
0.0
0.0
0.0
8.555555555555555
0.25
34.98224852071006
0.0
0.0
0.0
4.0
17.387755102040817
0.0
0.0
0.0
0.25
13.204152249134946
43.555555555555564
0.0
41.632653061224495
0.0
3.061224489795918
46.62222222222223
0.0
12.25
4.0
17.63888888888889
1.1875
0.0
6.25
16.0
8.061224489795917
1.7600000000000002
0.0
0.0
5.3580246913580245
4.0
26.1875
2.56
0.22222222222222224
0.0
0.234375
3.0
0.0
0.0
25.0
3.305555555555556
36.0
18.29
30.25
0.0
0.0
44.6805293005671
13.614744351961951
0.9586776859504131
33.97750182615048
0.0
0.0
0.0
0.22222222222222224
38.90909090909091
0.25
4.775510204081633
47.760000000000005
14.244897959183675
0.0
0.0
0.0
0.0
0.0
0.0
0.0
0.0
65.79320987654322
3.1875
13.888888888888891
10.612003780718336
0.0
6.248163265306122
0.0
0.0
0.0
5.5555555555555545
3.2
0.0
0.0
6.378698224852069
0.0
12.842249657064473
5.1875
0.0
11.731138545953362
17.1875
0.0
0.25
0.0
0.0
30.782222222222224
37.23617448037206
43.025510204081634
0.0
0.0
27.35
4.015432098765432
0.25
0.22222222222222224
0.25
0.0
0.0
0.5714285714285714
6.1875
50.0
8.43359375
18.24
0.0
22.222222222222225
0.22222222222222224
0.0
0.0
0.08264462809917356
0.0
0.24489795918367346
27.919782707107288
1.5510204081632655
0.0
0.0
57.0
0.0
18.1875
0.1728395061728395
37.555555555555564
0.0
4.5
0.0
2.16
0.75
15.10204081632653
0.0
0.0
0.0
6.85207100591716
0.0
0.0
0.0
0.25
10.333333333333334
0.24000000000000005
42.25
20.408163265306122
22.22222222222222
19.484375
0.22222222222222224
45.734375
0.0
7.760084408733056
0.0
0.0
5.222222222222222
0.0
0.0
0.0
0.0
0.0
0.25
0.24
0.0
2.591715976331361
36.0
0.0
0.2222222222222222
0.0
0.0
0.0
9.28954081632653
0.0
7.171597633136094
2.8888888888888893
12.244897959183673
0.22222222222222224
0.0
3.0
0.0
0.49000000000000005
0.0
30.5
0.0
0.1875
0.0
10.888888888888891
0.0
0.0
25.5546018991965
0.0
3.5555555555555554
0.15999999999999998
0.24000000000000005
24.0
0.0
0.5306122448979592
0.0
42.05917159763313
0.7755102040816327
0.25
0.24000000000000005
2.0
0.0
11.822485207100591
18.583333333333332
0.4166666666666667
23.6875
4.782222222222222
0.0
0.0
0.2644628099173554
6.775510204081632
4.0
0.0
0.0
0.0
0.25
15.440000000000001
18.666666666666668
2.12109375
28.04
1.3553719008264462
0.234375
0.2222222222222222
41.06122448979592
32.78061224489796
0.0
18.97520661157025
0.1875
0.0
0.25
0.0
0.0
0.0
0.0
0.888888888888889
9.04
12.24256837098692
0.0
23.061224489795915
0.25
0.0
0.0
4.666666666666667
16.22222222222222
4.0
11.83984375
0.0
13.440000000000001
20.75
50.75
0.0
64.0
0.3541666666666667
48.5
3.1875
3.1875
23.26530612244898
20.25
19.86157024793388
0.888888888888889
21.992098765432104
9.84
19.88888888888889
11.839506172839506
2.0
49.0
3.16
0.0
16.198347107438018
38.0
34.38062283737025
1.0
0.0
0.0
5.0
0.22222222222222224
17.10059171597633
0.25
0.0
98.0
15.5
17.346938775510203
26.134083044982702
0.0
0.0
14.958677685950414
0.25
1.472222222222222
0.2222222222222222
9.0
0.0
4.6875
0.0
0.0
31.25
44.0
0.96
0.0
21.909722222222218
0.0
46.58334443981674
0.0
0.0
15.061728395061728
0.0
49.555555555555564
20.25
40.6875
0.0
0.0
0.0
4.0
24.52734375
0.40816326530612246
0.0
0.0
101.92390011890608
16.25
0.2222222222222222
0.25
21.780612244897956
30.876033057851238
18.6576482830385
0.0
16.22222222222222
1.4400000000000002
0.1875
0.0
0.0
0.0
0.0
3.6666666666666665
10.24
0.0
0.0
42.19834865828486
0.0
0.0
0.0
2.8888888888888893
75.16270661157026
9.404444444444444
7.75
0.2222222222222222
12.666666666666666
4.0
0.0
41.47222222222222
1.0
0.0
0.0
3.555555555555556
2.16
17.71745152354571
9.795555555555556
0.0
2.9166666666666665
4.916666666666667
0.0
2.728888888888889
45.6875
0.25
10.888888888888891
50.09666442871094
44.81632653061224
2.9166666666666665
0.5714285714285714
0.0
2.857142857142857
4.8
2.675338189386056
0.0
0.0
0.20408163265306123
0.0
0.40816326530612246
0.22222222222222224
0.0
0.16
9.611570247933885
0.25
1.0
38.076388888888886
0.13888888888888887
0.0
5.5
0.0
50.40816326530613
41.1875
0.9917355371900828
24.404339250493095
43.555555555555564
8.946745562130177
36.17993079584775
0.8395061728395061
0.5
0.6666666666666666
13.439999999999998
0.0
1.6875
0.0
0.0
0.0
2.5619834710743805
0.0
4.138888888888889
17.455621301775146
0.0
32.7021484375
0.0
2.9806094182825484
1.6347412254610352
14.1875
1.1020408163265307
17.335510204081633
0.0
0.7288888888888889
0.25
0.0
0.0
0.0
6.69
7.422222222222222
0.25
0.0
0.0
0.0
4.1875
2.0
0.0
24.851196670135277
0.0
50.71005917159763
24.666666666666668
16.0
25.666666666666668
0.0
1.0
19.555555555555557
25.0
11.6
0.0
0.0
9.0
42.64
0.0
16.0
110.89828303850156
0.0
9.556216537775136
0.0
10.888888888888891
80.85352010626737
29.13609467455621
0.47222222222222215
2.4081632653061225
0.1875
0.0
24.6
4.434489779935782
0.0
0.0
1.1875
8.666666666666666
29.555555555555557
0.0
9.25
15.515432098765432
0.0
0.0
0.0
2.1875
4.24
0.24
0.0
0.0
0.0
2.25
0.0
0.0
6.888888888888888
23.67800453514739
5.875074360499703
2.25
20.25
35.760000000000005
27.626666666666665
32.732299042065804
26.160000000000004
40.13888888888889
34.025510204081634
26.692041522491348
5.897740784780024
42.74556213017751
20.916666666666668
0.484375
0.0
78.38888888888889
4.994082840236686
2.7107288365776365
0.0
0.0
0.0
11.575409365124964
0.0
0.15999999999999998
0.0
0.0
24.397842056932962
0.0
0.0
12.0
3.6875
0.0
0.0
4.71201814058957
0.3157894736842105
28.285714285714285
0.0
20.4
0.0
10.888888888888888
0.1111111111111111
0.0
2.25
59.9087603305785
47.57396820424464
60.995555555555555
13.84888888888889
17.65714285714286
17.714285714285715
25.134353741496597
42.48979591836734
0.0
1.25
4.0
15.605095964587363
9.0
10.888888888888891
5.5555555555555545
1.4444444444444446
21.147654320987655
6.6487603305785115
0.0
1.0
0.0
0.0
0.25
0.0
3.4676308539944904
12.25
0.2875
0.0
52.859375
42.42899408284024
0.0
58.853305785123965
5.555555555555556
25.0
0.0
0.9073724007561437
9.0
28.57638888888889
25.706804205514782
0.0
25.844872049196592
0.0
1.5
2.378121284185493
0.0
15.222222222222221
111.17355371900827
51.18140589569161
54.75
0.0
0.45293209876543206
0.0
67.6875
7.359999999999999
0.21000000000000002
2.686390532544379
0.24
4.915555555555556
18.190828402366865
5.415450338198648
0.25
0.0
0.0
25.6875
0.0
16.231404958677686
56.40997229916897
0.0
50.1875
0.0
19.109375
2.25
0.0
0.0
17.67820069204152
67.2762748609671
53.360768175582976
49.0
0.61
6.75
0.5184304399524376
26.089999999999996
0.0
0.0
0.0
11.044982698961936
3.39833531510107
53.555555555555564
66.75178359096313
0.0
2.712018140589569
8.905562130177515
3.318668252080856
0.0
1.7492283950617287
3.2893967374576794
13.901639344262295
6.5625
16.666666666666668
22.222222222222218
52.753644088681185
54.1984
0.0
1.0
0.0
0.0
25.0
1.6797520661157024
0.0
69.11072664359861
2.25
0.0
0.0
0.25
0.0
32.04958677685951
0.0
0.0
9.198899872448978
0.0
0.0
2.25
0.0
0.0
71.75147928994085
0.888888888888889
18.560000000000002
29.840000000000003
0.0
0.0
16.0
5.804370447450572
12.25
27.28395061728395
0.0
0.0
0.0
2.0204246170384303
0.0
0.0
13.818181818181818
0.0
0.0
2.25
6.682520808561237
44.44193786982249
13.439999999999998
0.0
25.909722222222218
0.0
30.14876033057851
0.09
7.551020408163266
0.25
1.7751479289940828
0.16000000000000003
20.25
0.0
25.167159763313602
0.8055555555555557
1.0
0.0
3.9754253308128544
14.0
0.09876543209876544
0.6756055363321799
40.290629244001806
0.9591836734693879
37.97222222222222
0.64
1.888888888888889
11.945599999999999
12.281600000000001
0.0
0.0
9.0
42.92455418381345
34.0
19.973333333333333
2.25
45.71900826446281
0.0
37.81
0.0
0.0
0.0
4.666666666666667
40.666666666666664
0.0
0.0
13.1875
0.0
11.25
0.2222222222222222
2.9166666666666665
0.0
42.12244897959183
0.0
0.0
0.0
0.0
8.0
0.1875
0.0
14.222222222222223
0.15999999999999998
0.0
0.0
14.801020408163266
0.0
24.25
16.0
0.0
6.915555555555556
0.0
0.0
0.0
0.0
0.0
8.0
0.0
0.0
0.25
0.0
0.0
25.968943315237972
2.4375
11.196322336398053
0.0
0.0
15.44
99.1875
0.0
0.0
0.0
0.8
0.0
0.0
20.25
42.244897959183675
7.291766214090088
0.0
0.888888888888889
100.0
0.0
0.0
24.13609467455621
20.16
36.5
0.20408163265306123
0.22222222222222224
0.25
0.0
2.0
63.58024691358024
0.0
0.0
0.0
8.243055555555555
1.1358024691358024
48.48979591836735
0.0
45.3875
3.222222222222222
66.70913580246913
0.22222222222222224
0.0
0.0
0.0
64.22222222222223
0.0
51.42222222222222
6.25
0.22222222222222224
1.120293847566575
49.0275
0.0
1.3541666666666667
4.6875
0.0
0.0
49.0
0.0
0.0
7.055555555555556
0.34693877551020413
0.0
3.955112960760999
0.0
0.0
0.0
0.25
0.0
0.0
74.78265570934255
53.42057958477509
0.0
0.0
0.0
0.0
20.56
0.0
0.0
0.0
13.020833333333334
0.0
0.0
0.24305555555555558
0.0
0.0
15.443786982248524
3.355371900826446
0.0
0.24
0.0
7.775147928994083
0.0
0.0
0.0
0.47058823529411764
0.22222222222222224
50.0
29.840000000000003
0.0
0.0
5.5555555555555545
81.0
10.8
6.979591836734693
0.0
1.25
30.25
0.0
0.0
0.0
49.55555555555556
33.76
0.24000000000000005
3.6875
2.8
35.0
0.0
14.444444444444445
1.5555555555555554
6.222222222222222
51.719008264462815
20.238520408163264
8.0
5.5555555555555545
0.0
9.0
42.7547258979206
1.2096
0.888888888888889
27.6875
0.6875
66.01393525910873
58.137741046831955
0.0
65.70709472849781
1.25
6.49
10.285714285714286
49.65432098765432
3.1875
48.740164947755254
93.76
62.4544
37.895775
4.0
6.05859375
10.82414151925078
1.0
2.25
2.110617283950617
29.91398822996831
28.666666666666668
35.40704894083272
8.89
2.25
0.0
0.1875
0.0
11.751111111111113
0.0
12.25
0.0
46.782222222222224
8.0
0.0
0.0
0.0
0.25
0.0
1.959183673469388
0.0
0.0
5.5555555555555545
0.0
34.6241134751773
0.25
12.583333333333334
2.0
8.666666666666666
0.0
0.0
0.0
0.0
38.06222222222222
0.0
42.25
0.0
0.0
0.0
0.0
0.25
0.0
0.0
5.142857142857143
0.0
0.0
16.88888888888889
2.691358024691358
0.0
6.016528925619834
0.1875
0.0
28.6875
14.960000000000003
25.360946745562135
0.0
10.6875
0.1875
11.040000000000001
3.0563265306122456
0.6875
0.25
1.0
16.0
1.6875
16.0
15.1875
0.25
0.2222222222222222
0.0
1.0
0.22222222222222224
0.0
17.555555555555557
0.0
0.0
50.90972222222222
0.22222222222222224
0.0
0.0
25.839999999999996
0.0
0.0
84.22222222222221
2.25
0.0
0.0
0.0
0.25
16.472222222222225
0.0
0.0
3.2222222222222228
0.0
0.0
0.0
10.153846153846153
12.16
25.0
0.0
0.2222222222222222
6.25
0.8888888888888888
0.25
55.38381040320098
0.0
0.0
0.0
57.6
15.1875
0.0
13.964555765595462
54.1875
0.25
2.25
0.0
1.6875
0.0
0.0
0.0
0.0
0.0
32.56
0.0
2.25
0.0
0.0
0.0
0.0
0.6816
36.0
0.0
0.0
0.0
0.0
0.1875
0.0
14.444444444444445
0.1875
0.0
0.0
0.41
8.809917355371901
0.25
0.0
0.25
0.25
0.888888888888889
6.25
46.839506172839506
0.0
0.0
12.643598615916956
0.0
1.8101678541238984
0.0
38.4
84.16
0.0
7.387755102040816
9.559375
0.0
21.76
0.0
11.959183673469388
0.0
0.0
0.0
20.75
4.086734693877551
22.222222222222225
0.888888888888889
0.888888888888889
0.0
0.0
28.222222222222225
0.0
2.4897959183673466
8.801814058956916
8.5
0.0
2.888888888888889
0.0
51.55555555555556
0.0
4.666666666666667
0.0
0.0
44.40234375
2.25
4.775510204081633
21.535714285714285
0.0
0.0
44.991195982391964
5.5
20.25
57.5
1.5555555555555556
12.469135802469136
12.25
0.0
6.888888888888888
12.235976454293626
0.0
41.632653061224495
9.130434782608695
15.555555555555555
0.0
1.0
9.888888888888891
0.0
0.0
0.22222222222222224
0.0
0.0
9.25
50.0
30.25
9.6875
6.4
5.5555555555555545
0.0
8.583333333333334
39.25443786982249
0.0
31.6875
0.25
0.0
0.0
0.0
38.984375
28.979591836734695
18.75
0.0
0.2222222222222222
3.5555555555555554
17.372085048010973
0.0
4.25
0.0
0.0
11.555555555555557
0.0
24.450158000574547
0.0
0.25
0.0
0.0
31.5
3.555555555555556
0.0
13.555555555555555
0.0
10.77734375
29.440000000000005
0.0
0.0
0.22222222222222224
0.6875
0.0
33.622400000000006
18.75
0.0
0.0
2.91156462585034
42.99669705377197
6.25
0.25
0.2222222222222222
0.0
0.0
5.270034602076125
0.0
5.5
6.888888888888888
4.5
11.440000000000001
28.290657439446367
0.0
0.0
0.0
5.5555555555555545
0.0
15.979591836734695
6.888888888888889
0.0
0.0
0.1875
7.0
0.0
9.0
0.0
0.0
14.862222222222222
0.20408163265306123
0.13888888888888887
9.025510204081632
0.0
0.5
0.0
0.0
0.0
0.0
0.0
0.15999999999999998
0.25
10.636363636363637
20.25
0.22222222222222224
44.93351800554018
0.234375
32.0
0.0
0.0
0.0
32.57741145021163
0.0
0.0
0.0
0.0
20.20408163265306
6.888888888888888
0.0
53.203678092503765
0.24000000000000005
0.0
0.0
0.0
12.12109375
0.0
0.0
49.96296296296296
22.332644628099175
1.566529492455418
0.0
6.63905325443787
0.6875
14.0625
0.0
16.237654320987655
2.0
0.0
0.0
19.950617283950617
0.0
0.0
0.0
3.3568239795918364
0.6666666666666666
56.92561983471075
0.0
0.0
0.0
0.0
14.222222222222221
1.652892561983471
0.0
0.4691358024691357
26.380165289256198
20.556213017751478
6.987654320987653
10.888888888888891
0.0
12.844524793388432
1.25
10.888888888888891
12.382222222222223
0.0
8.1875
1.9319727891156462
0.0
13.555555555555555
1.6875
0.0
0.0
0.0
0.673469387755102
0.20408163265306123
0.0
0.0
0.0
0.0
5.1020408163265305
0.0
6.1875
0.0
0.0
0.6666666666666666
2.0
56.0
16.0
0.0
9.0
0.0
11.555555555555557
0.0
10.088888888888892
0.0
3.590935368250665
0.0
0.0
0.0
0.0
23.472222222222218
3.9334027055150886
0.0
0.0
3.0617283950617287
9.0
0.25
14.222222222222223
0.0
3.0034602076124566
4.328888888888889
12.5
9.609375
0.0
0.0
0.2479338842975207
11.76
0.0
7.076388888888889
6.222222222222222
0.0
6.472222222222222
14.6875
12.743055555555555
8.354570637119114
6.888888888888888
0.25
0.25
6.138888888888889
1.6
69.6875
0.0
24.913494809688583
0.0
0.0
0.0
16.6875
0.8125
0.0
0.0
0.0
0.0
0.13888888888888887
0.0
1.3333333333333333
0.0
8.066326530612246
0.0
0.5562130177514792
0.0
2.25
3.0
0.18181818181818182
7.633136094674556
17.846153846153847
0.47222222222222227
0.0
0.0
0.0
0.0
0.24489795918367346
0.0
77.25
14.25
6.3055555555555545
16.0
0.0
0.0
10.857142857142858
0.0
0.0
0.8
1.5555555555555554
25.269204389574757
0.3520408163265306
35.4375
0.25
1.3066666666666669
0.12244897959183675
16.13888888888889
7.555555555555555
0.25
6.01
1.1288888888888888
0.32098765432098764
3.75
0.0
0.5123966942148761
0.0
0.2222222222222222
31.728395061728392
0.0
0.0
30.24
0.0
0.0
0.0
0.0
0.0
8.859375
0.0
0.0
0.0
0.0
0.0
0.0
8.0
16.6875
18.22222222222222
0.0
0.0
1.836734693877551
0.6875
0.0
0.0
0.0
100.0
9.142857142857142
20.25
0.0
0.0
0.0
0.0
12.126984126984127
0.0
0.25
39.33984375
1.6875
74.88888888888889
42.25
20.25
0.0
3.555555555555556
8.0
12.6875
26.555555555555557
5.005917159763314
0.0
1.8275
41.387755102040806
8.816326530612246
1.1875
0.1728395061728395
0.6875
0.0
22.222222222222225
21.13888888888889
14.243055555555557
1.8765432098765429
15.888695987654321
1.44
34.96
36.0
0.0
110.25
0.6666666666666666
21.77777777777778
2.4444444444444446
7.76
22.1875
42.760000000000005
8.469135802469134
0.44000000000000006
2.3529411764705883
0.0
26.204081632653065
48.22222222222222
0.2222222222222222
16.02777777777778
9.1875
0.0
0.0
6.1875
0.0
0.0
0.25
28.1875
11.555555555555557
0.6280991735537191
3.0
20.25
0.0
21.100189035916824
0.0
30.666666666666668
45.244878365582615
1.5555555555555556
0.29
32.40972222222222
9.673469387755103
51.40972222222221
31.758034026465026
19.80246913580247
4.09
2.4722222222222228
0.0
30.25
25.0
0.0
22.723469387755106
0.2479338842975207
0.6875
1.2222222222222223
9.959183673469388
2.25
0.0
2.4
25.21993079584775
8.821428571428571
0.13888888888888892
10.915555555555557
8.4375
69.26684310018904
3.8055555555555554
8.24888888888889
24.6875
1.5555555555555554
0.6938775510204082
33.0
9.214024835646459
0.0
5.5041322314049586
3.061224489795918
0.15999999999999998
14.222222222222223
0.0
0.0
0.0
0.0
32.0
85.6875
5.884297520661158
0.25
0.0
16.765755053507725
2.0165289256198347
18.4
0.0
3.39250493096647
0.0
0.0
56.20335316387237
3.75
0.0
0.1875
65.74305555555556
0.0
0.24000000000000005
0.25
3.1388888888888893
9.0
4.555555555555555
0.0
1.0
0.25
36.0
0.6666666666666666
0.0
0.0
0.0
44.75
0.0
0.0
12.380622837370241
1.734375
1.9166666666666667
0.0
18.668884688090735
0.0
0.7654320987654321
0.0
0.0
0.9116143170197225
0.0
0.0
0.25
53.537190082644635
4.24
23.6
0.24000000000000005
27.6875
14.222222222222223
38.98765432098766
0.0
12.0
0.25
3.1404958677685952
10.24
31.37913223140496
40.75
0.25
65.51246537396122
4.457220461747397
0.0
12.9375
9.422839506172838
0.0
32.48066115702479
0.0
0.0
4.0
11.040000000000001
7.75
15.145061728395062
0.0
0.24000000000000005
1.609375
32.55555555555556
0.0
4.666666666666667
20.108024691358025
31.63313609467455
0.0
0.109375
3.654320987654321
0.22222222222222224
0.0
12.266666666666667
41.18222222222222
0.0
0.8888888888888888
8.222222222222221
0.0
0.0
0.0
0.0
0.5833333333333334
0.1875
76.22222222222223
3.81
61.94746133747616
1.40234375
0.0
4.025510204081632
0.0
0.24489795918367346
0.0
17.555555555555557
0.42750000000000005
0.0
0.0
54.6875
