-----------------------utilize_mean_on_time--------------------------
warehouse0:0.7823200000000223,0.9054111359523791
warehouse1:0.9999688888888619,0.8241639108333333
warehouse2:0.8641822222222595,0.8861113839781738
warehouse3:0.9955199999999857,0.8570687422619059
warehouse4:0.9999733333333566,0.7499330429122575
warehouse5:0.999977777777761,0.521751810421391
-----------------------warehouse_load------------------------------
warehouse0:176022.00000000503,33952917.59821422
warehouse1:224992.99999999395,30906146.65625
warehouse2:194441.00000000838,26583341.519345213
warehouse3:223991.9999999968,25712062.267857175
warehouse4:224994.00000000524,33746986.93105159
warehouse5:224994.99999999622,27391970.047123026
average_warehouse_load:211572.83333333427,29715570.836640205
-----------------------violation_count_warehouse--------------------------
42,4,45,48,0,0
average_violation_count_warehouse:23.166666666666668
--------------------------max_violation_duration-------------------------
5,2,5,7,0,0
average_max_violation_duration:3.1666666666666665
--------------------------all_violation_durations-------------------------
warehouse0:[1, 1, 1, 2, 1, 3, 1, 1, 1, 2, 1, 1, 1, 4, 5, 1, 1, 1, 1, 4, 1, 1, 2, 1, 2, 1]
warehouse1:[1, 2, 1]
warehouse2:[1, 1, 3, 1, 1, 1, 1, 1, 1, 2, 1, 1, 1, 1, 1, 2, 1, 1, 1, 5, 1, 1, 1, 2, 1, 1, 1, 1, 1, 1, 1, 1, 1, 1, 1, 1]
warehouse3:[1, 1, 4, 1, 4, 1, 1, 2, 3, 4, 1, 4, 1, 1, 1, 4, 1, 1, 7, 1, 1, 1, 1, 1]
warehouse4:[]
warehouse5:[]
--------------------------warehouse_load_imb-------------------------
capacity:0.0915686407016325
bandwidth:0.1726856698957383
--------------------------imbalance_across_timewindow-------------------------
5min:0.06355722154793403
30min:0.04841741902497335
1h:0.04413120232636587
3h:0.03590595352681626
4h:0.032309929288037664
6h:0.028237314416986636
8h:0.027585154536870757
-----------------------utilize_mean----------------------------------
average_utilize_mean:0.9403237037037077,0.79074000439324
