-----------------------utilize_mean_across_time--------------------------
warehouse0:1.000841112175749,0.7942310039895574
warehouse1:0.9999262942938466,0.8123965994682903
warehouse2:0.9999913287404207,0.9488208776557008
warehouse3:0.9993453199044668,0.9402209338594328
warehouse4:0.9999653149618443,0.7486293741932639
warehouse5:0.999930629923667,0.755701216459873
-----------------------warehouse_load------------------------------
warehouse0:230840.99999999997,30530515.868055575
warehouse1:230629.99999999284,31228807.672619056
warehouse2:230644.99999999182,36473004.34722221
warehouse3:230496.00000000556,36142419.51835321
warehouse4:230639.00000000448,28777573.367559537
warehouse5:230631.00000000402,29049417.44246036
average_warehouse_load:230646.99999999977,32033623.036044996
-----------------------violation_count_warehouse--------------------------
1,23,279,297,20,26
average_violation_count_warehouse:107.66666666666667
--------------------------max_violation_duration-------------------------
1,3,31,27,3,4
average_max_violation_duration:11.5
--------------------------all_violation_durations-------------------------
warehouse0:[1]
warehouse1:[3, 3, 3, 1, 3, 3, 2, 2, 3]
warehouse2:[5, 2, 1, 11, 5, 2, 9, 1, 1, 1, 3, 1, 1, 3, 1, 4, 7, 5, 13, 3, 7, 1, 5, 2, 7, 3, 1, 6, 2, 1, 2, 1, 1, 2, 4, 4, 21, 2, 31, 3, 9, 1, 4, 1, 1, 1, 1, 1, 1, 1, 3, 2, 1, 4, 2, 5, 3, 2, 2, 2, 2, 1, 1, 1, 2, 1, 1, 1, 1, 1, 1, 1, 1, 1, 1, 1, 1, 1, 1, 1, 1, 1, 1, 1, 1, 1, 1, 1, 1, 1, 2, 6, 1, 1, 1, 1, 1, 1, 1]
warehouse3:[1, 1, 1, 1, 1, 1, 1, 1, 1, 1, 2, 2, 2, 1, 1, 3, 1, 2, 2, 1, 1, 1, 1, 1, 1, 1, 1, 1, 1, 2, 1, 1, 1, 1, 2, 3, 3, 2, 1, 18, 1, 1, 1, 1, 1, 2, 2, 3, 2, 3, 8, 2, 1, 1, 2, 1, 2, 3, 3, 2, 17, 3, 2, 2, 1, 3, 1, 1, 1, 1, 1, 1, 1, 1, 1, 1, 1, 14, 12, 5, 14, 2, 27, 4, 1, 2, 2, 2, 19, 12, 6, 1, 1, 1, 3, 2, 1, 1, 1, 1, 1, 3, 1, 1, 1, 1, 1, 1, 1]
warehouse4:[1, 3, 1, 2, 2, 1, 2, 1, 1, 1, 3, 1, 1]
warehouse5:[2, 1, 4, 3, 2, 1, 1, 2, 1, 2, 1, 2, 2, 2]
--------------------------load_imbalance_across_warehouses-------------------------
capacity:0.00043734019956534665
bandwidth:0.11426904301244113
--------------------------imbalance_across_timewindow-------------------------
5min:0.060065108379673146
30min:0.04472812661237756
1h:0.04017086690451538
3h:0.0324101965145475
4h:0.029518562366635907
6h:0.029203002659539425
8h:0.02691375218852408
-----------------------utilize_mean----------------------------------
average_utilize_mean:0.9999999999999991,0.8333333342710197
